1.022222286625279 -0.02638889107998799 -0.04166666836688091
0.991666665193688 -0.04027777952261791 -0.01944444533917746
0.9652778166595758 -0.02222222302770345 -0.03194444645703996
0.9541666815935429 0.009722222669588731 -0.03472222414556594
0.9861111949083877 0.04583333489966988 -0.01250000035811472
0.9888888814271798 0.08333333673376181 -0.01250000035811472
0.9791667354921171 0.1138888913075477 0.006944444981062746
0.96666670854283 0.1208333385678538 0.02500000071622943
0.9972222327267045 -0.01250000035811472 0.06111111522555394
0.9972222327267045 -0.01250000035811472 0.06111111522555394
1.119444523957635 -0.1180555548013455 -0.0861111144222878
1.198611166807688 -0.1097222278137498 -0.1513888992196218
1.402777787407463 -0.09861111705964587 -0.1541666708301656
1.697222380418756 -0.1083333359304957 -0.1763888923383735
1.765277888202776 -0.06666667060260591 -0.2263888907318412
1.826388936570525 0.02361111187196644 -0.4138889059802831
1.70277775345634 0.02638889107998799 -0.495833332596844
1.480555635621978 -0.06388889291407993 -0.472222219205382
1.227777799108308 -0.1458333438425699 -0.3875000088223128
0.9791667354921171 -0.1972222341192917 -0.2555555716563197
0.8430556226763616 -0.2388888933691993 -0.1805555679881358
0.848611190209378 -0.236111109602691 -0.1819444477154254
0.8944445251090479 -0.1958333422360376 -0.236111109602691
1.015277827209008 -0.1527777789469114 -0.3277777794020308
0.9166666979933977 -0.1763888923383735 -0.2888889039186315
0.7819444770608963 -0.1986111138465813 -0.1763888923383735
0.7819444770608963 -0.2013888976130896 -0.1027777805534437
0.7958333472695794 -0.1583333343239634 -0.1013888947481719
0.8069444823356125 -0.1500000073363677 -0.1305555574387036
0.7847222608274046 -0.1472222235698595 -0.1486111154531136
0.7388889259277347 -0.1805555679881358 -0.09861111705964587
0.6888889153783024 -0.224999998848587 -0.0625000010308258
0.6902778072615565 -0.1777777842216276 -0.03888889067835492
0.7222222719525433 -0.1583333343239634 -0.05972222334229981
0.7819444770608963 -0.1819444477154254 -0.07222222597965787
0.8444445145596157 -0.2097222367566498 -0.009722222669588731
0.8638889036774572 -0.2750000093980193 0.01666666765065148
0.8638889036774572 -0.2750000093980193 0.01666666765065148
1.051388918925899 -0.4097222303305207 -0.06388889291407993
1.209722301873721 -0.447222262554524 -0.008333333825325738
1.309722225724869 -0.4111111222137748 0.03888889067835492
1.288888944723773 -0.3513888927934928 -0.03750000183409193
1.208333409990467 -0.3722222467303756 -0.1736111207278297
1.401388895524209 -0.6055555968784874 -0.223611131277262
1.680555677819707 -0.6763889370528734 -0.06944444829113189
1.27777780965774 -0.5611111538620717 -0.06805555640787776
0.8138889417518831 -0.3777777899514631 -0.212499996211229
0.6694444776366028 -0.2638888986439154 -0.3152778010766018
0.7652778230857049 -0.2666666824104236 -0.354166676560001
0.9361111843589555 -0.3486111333389136 -0.2527777878898114
1.022222286625279 -0.3777777899514631 -0.1041666724366978
0.9874999895439256 -0.3500000009102386 -0.1250000020616516
0.9874999895439256 -0.3486111333389136 -0.1083333359304957
0.9874999895439256 -0.3486111333389136 -0.1083333359304957
0.8180555687777873 -0.1708333369613215 -0.01527777880638848
0.7833333689441504 -0.1041666724366978 -0.02916666876851397
0.7833333689441504 -0.1041666724366978 -0.02916666876851397
0.6930555910280648 -0.07222222597965787 -0.07222222597965787
0.788888936477167 -0.1000000028649177 -0.04166666836688091
0.788888936477167 -0.1000000028649177 -0.04166666836688091
0.8722222549769819 -0.1638888897010154 -0.09583333937111987
0.7875000445939128 -0.1361111128157555 -0.1013888947481719
0.7875000445939128 -0.1361111128157555 -0.1013888947481719
0.7638889312024508 -0.06527777871935178 -0.1222222304511079
0.8013889148025959 -0.03333333530130295 -0.1708333369613215
0.8555555523779325 -0.04861111258819587 -0.1875000030924774
0.9472222221772723 -0.09027778399406791 -0.1388888965822638
1.031944529808058 -0.05416666796524784 -0.02916666876851397
1.031944529808058 -0.05416666796524784 -0.02916666876851397
1.127777778009444 0.1569444545966738 -0.06666667060260591
1.223611123458546 0.05000000143245886 -0.1444444519593157
1.383333398289621 -0.1944444503527835 -0.212499996211229
1.604166721488446 -0.3097222335435853 -0.3347222388183014
1.765277888202776 -0.3361111307015555 -0.2791666850477817
1.641666705088591 -0.2333333501481118 -0.3152778010766018
1.375000046990097 -0.1222222304511079 -0.4291666680722204
1.155555615674526 -0.1888888949757315 -0.3902777925888211
1.001388908376467 -0.2138888880944831 -0.3194444524144351
0.9208333736431601 -0.2013888976130896 -0.2458333527854699
0.9277778330594307 -0.1500000073363677 -0.1500000073363677
0.9958333408434503 -0.1319444493219577 -0.1708333369613215
1.009722259675992 -0.1680555653507778 -0.2847222282688691
0.9263889411761765 -0.1888888949757315 -0.1930555584695294
0.8611111199109489 -0.1986111138465813 -0.1402777884655179
0.8222222444275497 -0.1986111138465813 -0.1083333359304957
0.8305555957270745 -0.1930555584695294 -0.1027777805534437
0.7916666716198171 -0.1902777868589856 -0.09027778399406791
0.7333333583947181 -0.1833333395986795 -0.07777778135670985
0.6972222666778272 -0.1777777842216276 -0.09583333937111987
0.6833333478452859 -0.1708333369613215 -0.05138889027672185
0.7027777855869856 -0.1583333343239634 -0.04444444605540689
0.7680556068522132 -0.1513888992196218 -0.04861111258819587
0.8222222444275497 -0.1597222262072175 -0.08750000022755966
0.8222222444275497 -0.1736111207278297 -0.08333333673376181
0.8388889470265992 -0.2263888907318412 -0.09444444748786576
0.8388889470265992 -0.2263888907318412 -0.09444444748786576
0.9611111410098134 -0.3444444576891512 -0.07222222597965787
1.113888956424619 -0.447222262554524 -0.006944444981062746
1.219444447808783 -0.4444444787880157 -0.01805555649491447
1.234722258524579 -0.3152778010766018 -0.002777777878462931
1.244444501707358 -0.2347222420313659 -0.0625000010308258
1.269444458358216 -0.2583333311108989 -0.1805555679881358
1.311111117608123 -0.5569444782123093 -0.3694444629638674
1.541666683989727 -0.7319444665114641 -0.2986111227894813
1.351388982222493 -0.5250000135213225 -0.1041666724366978
0.9611111410098134 -0.3125000173100935 -0.08472222253903368
0.7125000287697644 -0.1805555679881358 -0.1708333369613215
0.7416667096942429 -0.1472222235698595 -0.2305555663816035
0.8944445251090479 -0.2013888976130896 -0.2291666744983494
1.004166692142975 -0.2694444661769319 -0.1972222341192917
0.9791667354921171 -0.3763888980682089 -0.1333333412052118
0.9472222221772723 -0.4041666871094333 -0.105555564319952
0.8347222713768369 -0.3513888927934928 -0.1041666724366978
0.788888936477167 -0.295833339022973 -0.1319444493219577
0.7805555851776422 -0.2527777878898114 -0.1263888939449057
0.8013889148025959 -0.1375000046990097 -0.09583333937111987
0.8125000498686289 -0.1444444519593157 -0.09583333937111987
0.7958333472695794 -0.1666666734675236 -0.1027777805534437
0.7444444934607511 -0.1347222330884659 -0.08333333673376181
0.7458333367201472 -0.1111111196970039 -0.09166666979933977
0.8083333742188665 -0.07777778135670985 -0.1333333412052118
0.8319444876103286 -0.0625000010308258 -0.1263888939449057
0.8638889036774572 -0.03055555761277697 -0.1416666681928075
0.9583333572433053 0.01388888996212549 -0.1277777858281599
1.002777800259721 0.02916666876851397 -0.1138888913075477
1.102777821358586 0.01805555649491447 -0.07222222597965787
1.180555572325384 0.004166666912662869 -0.0861111144222878
1.243055609824104 -0.09861111705964587 -0.1500000073363677