0.2003637999296188 -0.009773843921720982 -0.2733621895313263
0.2901609838008881 -0.06291911751031876 -0.2095267772674561
0.2993239760398865 -0.11636982858181 -0.1200350224971771
0.2889392673969269 -0.2095267772674561 -0.08521570265293121
0.2843577861785889 -0.140499010682106 -0.01863138936460018
0.2131919711828232 -0.08827003091573715 0.02443460933864117
-0.04306599870324135 -0.07880161702632904 0.01496619824320078
-0.1050688251852989 -0.0406225398182869 0.0806342139840126
-0.1316414624452591 -0.1203404515981674 0.07666359096765518
-0.02687807008624077 -0.3430008292198181 0.02382374368607998
-0.01313360314816237 -0.4596760869026184 -0.1007927656173706
-0.1640173196792603 -0.5073235630989075 -0.266031801700592
-0.01588249579071999 -0.6490443348884583 -0.2632829248905182
0.1918116807937622 -0.8683449625968933 -0.230907067656517
0.2247984111309052 -0.8087855577468872 -0.09254608303308487
0.04581489413976669 -0.2794708609580994 0.1701259762048721
-0.3216205537319183 0.1310305893421173 0.4483750760555267
-0.4590652287006378 0.3732386529445648 0.5192354321479797
-0.4663956165313721 0.5616905689239502 0.503047525882721
-0.4352414906024933 0.4190535545349121 0.3903428912162781
-0.3497203588485718 0.07360926270484924 0.2987131178379059
-0.2852740585803986 -0.08888089656829834 0.2544253766536713
-0.195171445608139 -0.01191187184303999 0.2849686443805695
0.04764748737215996 0.7425066828727722 0.3897320330142975
0.09498954564332962 0.9230173826217651 0.3448334336280823
0.001527163083665073 0.6154467463493347 0.2861903607845306
0.1310305893421173 0.4874704778194428 0.2593123018741608
0.3546072840690613 0.3885102868080139 0.3772092759609222
0.3237585723400116 0.252287358045578 0.389426589012146
0.2996293902397156 0.2638937830924988 0.4972442984580994
0.3234531581401825 0.2916881442070007 0.522595226764679
0.2803871333599091 0.08155050873756409 0.4871650338172913
0.3405573666095734 -0.02687807008624077 0.3601050674915314
0.2464841306209564 -0.1737911552190781 0.3054326176643372
0.06505715101957321 -0.1096503138542175 0.2406809031963348
-0.02199114859104157 -0.04337143152952194 0.2083050459623337
0.07880161702632904 -0.206777885556221 0.3246748745441437
0.1014036312699318 -0.2727513313293457 0.3839288055896759
0.04886921867728233 -0.1435533314943314 0.6056728959083557
0.3048217594623566 0.3197879493236542 0.6869179606437683
0.4309654235839844 0.5485569834709168 0.7156286239624023
0.2926044464111328 0.8228355050086975 0.6398813724517822
-0.005803219974040985 0.6572909951210022 0.5470298528671265
-0.1044579595327377 -0.04673119261860848 0.6404922008514404
0.6484334468841553 0.1631010174751282 0.2874121069908142
0.5338962078094482 0.3149010241031647 -0.2455678284168243
0.1811215430498123 -0.0708603709936142 -0.5265658497810364
0.08796459436416626 -0.3964515328407288 -0.5216789245605469
-0.1643227487802506 -0.6976081132888794 -0.342695415019989
-0.0809396430850029 -0.5772676467895508 -0.2742784917354584
0.1328631937503815 -0.3698789179325104 -0.4379903674125671
0.3836233615875244 -0.1933388561010361 -0.5919284224510193
0.4389066696166992 0.07177666574716568 -0.7040221691131592
0.6826419234275818 0.2755002379417419 -0.6768386960029602
0.8597928285598755 0.06169738993048668 -0.636521577835083
0.6185010671615601 -0.3347541689872742 -0.5607742667198181
0.4621195495128632 -0.3402519524097443 -0.446542501449585
0.2806925773620606 -0.3414736688137054 -0.4673119187355042
0.1811215430498123 -0.3866777122020721 -0.4480696618556976
0.384845107793808 -0.2538145184516907 -0.5363397002220154
0.4358523488044739 -0.192422553896904 -0.6026185750961304
0.512210488319397 -0.2064724564552307 -0.5259549617767334
0.46547931432724 -0.3347541689872742 -0.3857614099979401
0.3772092759609222 -0.4346306324005127 -0.2296853363513947
0.2003637999296188 -0.3430008292198181 -0.09926560521125794
0.06963863968849182 -0.2580905556678772 -0.03145955875515938
0.09498954564332962 -0.07269296050071716 -0.04489859566092491
-0.008246680721640587 -0.2229658216238022 -0.08246681094169617
-0.008246680721640587 -0.2229658216238022 -0.08246681094169617
-0.5357288122177124 -0.4703662395477295 -0.03878994286060333
-0.7825183868408203 -0.6539312601089478 -0.02321287989616394
-0.5668829679489136 -0.694248378276825 0.02260201424360275
-0.4828889667987824 -0.5387831330299377 -0.2874121069908142
-0.3213151097297669 -0.3213151097297669 -0.4462370574474335
-0.06475171446800232 -0.2064724564552307 -0.1798998117446899
-0.2953533530235291 -0.02474004216492176 0.2254092693328857
-0.4178318381309509 0.3680463135242462 0.4486805200576782
-0.4382958114147186 0.5681046843528748 0.4147774875164032
-0.502436637878418 0.5690209865570068 0.2907718420028687
-0.4547891616821289 0.2336559593677521 0.1316414624452591
-0.4303545653820038 -0.09040805697441101 0.1295034289360046
-0.2956587672233582 0.6401867866516113 0.2706133127212524
-0.2388483136892319 0.8597928285598755 0.3115412890911102
-0.1850921660661697 0.5372560024261475 0.3130684494972229
0.01985312066972256 0.4532620012760162 0.2736676335334778
0.05894849449396133 0.4499022662639618 0.289244681596756
0.2095267772674561 0.5913175344467163 0.3717114925384522
0.1737911552190781 0.4254676401615143 0.4019493460655212
0.03451388701796532 0.3649919927120209 0.5082398653030396
-0.04734205827116966 0.2321287989616394 0.5027421116828919
0.04001167416572571 0.02657263725996018 0.5018258094787598
-0.04123340547084808 -0.1689042448997498 0.3900374472141266
-0.03390302136540413 -0.1004873365163803 0.318566232919693
-0.2367102801799774 -0.2367102801799774 0.2483167201280594
-0.3054326176643372 -0.3301726579666138 0.3045163154602051
-0.1930334120988846 -0.1902845203876495 0.3671300113201141
0.04459316283464432 -0.02748893573880196 0.408363401889801
0.3433062732219696 0.2880229651927948 0.5131267905235291
0.3164281845092773 0.3836233615875244 0.6004805564880371
0.137750118970871 0.4828889667987824 0.5900958180427551
-0.2147191315889359 0.2837468981742859 0.5195409059524536
-0.5543602108955383 0.03756821155548096 0.4679227769374847
-0.1869247704744339 -0.2238821089267731 0.4053090810775757
0.1756237596273422 0.1887573599815369 0.3176499307155609
0.6960809230804443 0.6407976150512695 -0.09896016865968704
0.4450153410434723 0.4019493460655212 -0.3628539443016052
0.1591303944587708 0.1698205322027206 -0.3921754956245422
-0.2684752643108368 -0.16371189057827 -0.3869831264019013
-0.4431827366352081 -0.3002402782440186 -0.3100140988826752
-0.3878994286060333 -0.2590068578720093 -0.2238821089267731
-0.1921171247959137 -0.1930334120988846 -0.2409863322973251
0.1704314053058624 -0.07422012835741043 -0.4450153410434723
0.2935207486152649 -0.03115412779152393 -0.5946773290634155
0.2177734673023224 -0.09712757170200348 -0.6420193910598755
0.09193521738052368 -0.08857546001672745 -0.6432411074638367
0.11636982858181 -0.1145372316241264 -0.5146539807319641
0.218384325504303 -0.1398881375789642 -0.4208861589431763
0.2657263875007629 -0.1111774742603302 -0.4532620012760162
0.2641992270946503 -0.2251038402318955 -0.4624249935150147
0.256868839263916 -0.3439171314239502 -0.3927863538265228
0.2220495194196701 -0.2971859276294708 -0.3338378667831421
0.1805106848478317 -0.3078760802745819 -0.2669481039047241
0.02901609987020493 -0.4144720733165741 -0.1918116807937622
-0.1603521257638931 -0.4520402848720551 -0.2394591718912125
-0.3506366610527039 -0.4456261992454529 -0.2617557644844055
-0.4456261992454529 -0.4040873646736145 -0.2587014436721802
-0.5167919993400574 -0.4105014503002167 -0.171042263507843
-0.5864306092262268 -0.4178318381309509 -0.1243110746145248